Updated,Confirmed,ConfirmedChange,Deaths,DeathsChange,Recovered,RecoveredChange
03/03/2020,1,,0,,,
03/04/2020,1,0,0,0,,
03/05/2020,2,1,0,0,,
03/06/2020,8,6,0,0,0,
03/07/2020,9,1,1,1,0,0
03/08/2020,12,3,1,0,0,0
03/09/2020,17,5,1,0,,
03/10/2020,19,2,1,0,0,
03/11/2020,21,2,1,0,0,0
03/12/2020,31,10,1,0,0,0
03/13/2020,34,3,2,1,0,0
03/14/2020,45,11,2,0,0,0
03/15/2020,56,11,2,0,,
03/16/2020,65,9,2,0,3,
03/17/2020,79,14,2,0,3,0
03/18/2020,97,18,2,0,3,0
03/19/2020,128,31,3,1,3,0
03/20/2020,158,30,3,0,3,0
03/21/2020,225,67,4,1,27,24
03/22/2020,266,41,4,0,27,0
03/23/2020,301,35,4,0,27,0
03/24/2020,387,86,6,2,51,24
03/25/2020,502,115,8,2,51,0
03/26/2020,589,87,12,4,51,0
03/27/2020,690,101,17,5,51,0
03/28/2020,745,55,19,2,51,0
03/29/2020,820,75,20,1,51,0
03/30/2020,966,146,24,4,51,0
03/31/2020,1054,88,27,3,240,189
04/01/2020,1133,79,31,4,240,0
04/02/2020,1265,132,36,5,240,0
04/03/2020,1353,88,42,6,248,8
04/04/2020,1451,98,43,1,248,0
04/05/2020,1554,103,46,3,280,32
04/06/2020,1628,74,53,7,266,-14
04/07/2020,1715,87,60,7,266,0
04/08/2020,1795,80,65,5,266,0
04/09/2020,1894,99,79,14,365,99
04/10/2020,1975,81,82,3,365,0
04/11/2020,2137,162,89,7,375,10
04/12/2020,2203,66,94,5,440,65
04/13/2020,2272,69,98,4,365,-75
04/14/2020,2432,160,105,7,515,150
04/15/2020,2560,128,112,7,559,44
04/16/2020,2658,98,122,10,631,72
04/17/2020,2747,89,129,7,665,34
04/18/2020,2828,81,132,3,665,0
04/19/2020,2930,102,134,2,708,43
04/20/2020,3020,90,142,8,737,29
04/21/2020,3133,113,151,9,840,103
04/22/2020,3276,143,159,8,836,-4
04/23/2020,3423,147,165,6,833,-3
04/24/2020,3595,172,176,11,833,0
04/25/2020,3767,172,185,9,965,132
04/26/2020,3879,112,192,7,1096,131
04/27/2020,3990,111,197,5,1129,33
04/28/2020,4114,124,207,10,1151,22
04/29/2020,4272,158,214,7,1181,30
04/30/2020,4415,143,218,4,1256,75
05/01/2020,4519,104,225,7,1299,43
05/02/2020,4668,149,237,12,1297,-2
05/03/2020,4770,102,246,9,1297,0
05/04/2020,4874,104,260,14,1341,44
05/05/2020,5007,133,264,4,1472,131
05/06/2020,5195,188,273,9,1511,39
05/07/2020,5358,163,282,9,1524,13
05/08/2020,5598,240,293,11,1646,122
05/09/2020,5763,165,300,7,1715,69
05/10/2020,6021,258,305,5,1659,-56
05/11/2020,6265,244,314,9,1824,165
05/12/2020,6550,285,319,5,1849,25
05/13/2020,6866,316,329,10,2253,404
05/14/2020,7121,255,353,24,2372,119
05/15/2020,7466,345,356,3,2372,0
05/16/2020,7792,326,363,7,2521,149
05/17/2020,8055,263,373,10,2556,35
05/18/2020,8358,303,382,9,2612,56
05/19/2020,8796,438,393,11,2859,247
05/20/2020,9270,474,403,10,2920,61
05/21/2020,9918,648,416,13,2920,0
05/22/2020,10636,718,433,17,3062,142
05/23/2020,11340,704,445,12,3517,455
05/24/2020,12063,723,452,7,3062,-455
05/25/2020,12615,552,467,15,3062,0
05/26/2020,13215,600,490,23,4154,1092
05/27/2020,13920,705,500,10,4349,195
05/28/2020,14689,769,508,8,4617,268
05/29/2020,15406,717,520,12,4788,171
05/30/2020,16201,795,528,8,4775,-13
05/31/2020,16838,637,539,11,4788,13
06/01/2020,17402,564,556,17,5336,548
06/02/2020,18306,904,569,13,5709,373
06/03/2020,19255,949,583,14,5696,-13
06/04/2020,20184,929,608,25,5993,297
06/05/2020,21024,840,632,24,6088,95
06/06/2020,22007,983,648,16,6075,-13
06/07/2020,22781,774,664,16,6896,821
06/08/2020,23607,826,693,29,7305,409
06/09/2020,24748,1141,717,24,7568,263
06/10/2020,25974,1226,735,18,7991,423
06/11/2020,27360,1386,765,30,8332,341
06/12/2020,28751,1391,785,20,8730,398
06/13/2020,30282,1531,815,30,8743,13
06/14/2020,31564,1282,833,18,9070,327
06/15/2020,32772,1208,854,21,9070,0
06/16/2020,34146,1374,878,24,9878,808
06/17/2020,35539,1393,913,35,10161,283
06/18/2020,37497,1958,948,35,10499,338
06/19/2020,39557,2060,979,31,10708,209
06/20/2020,41191,1634,992,13,11838,1130
06/21/2020,42772,1581,1011,19,12193,355
06/22/2020,44918,2146,1043,32,13153,960
06/23/2020,47203,2285,1078,35,13140,-13
06/24/2020,49838,2635,1116,38,13563,423
06/25/2020,52444,2606,1150,34,13803,240
06/26/2020,55330,2886,1184,34,13576,-227
06/27/2020,57731,2401,1207,23,18403,4827
06/28/2020,59920,2189,1232,25,19130,727
06/29/2020,62255,2335,1280,48,21125,1995
06/30/2020,64517,2262,1307,27,21125,0
07/01/2020,67184,2667,1351,44,22013,888
07/02/2020,69928,2744,1385,34,23025,1012
07/03/2020,72773,2845,1437,52,24171,1146
07/04/2020,75363,2590,1481,44,25211,1040
07/05/2020,77802,2439,1507,26,25917,706
07/06/2020,80434,2632,1582,75,28518,2601
07/07/2020,83413,2979,1644,62,30082,1564
07/08/2020,87017,3604,1694,50,36489,6407
07/09/2020,90680,3663,1720,26,38300,1811
07/10/2020,94047,3367,1774,54,38971,671
07/11/2020,97496,3449,1810,36,38971,0
07/12/2020,100153,2657,1845,35,38971,0
07/13/2020,103252,3099,1903,58,42681,3710
07/14/2020,106897,3645,1968,65,44160,1479
07/15/2020,111147,4250,2050,82,47285,3125
07/16/2020,114770,3623,2112,62,47285,0
07/17/2020,119288,4518,2178,66,47285,0
07/18/2020,122511,3223,2220,42,52594,5309
07/19/2020,126742,4231,2260,40,54092,1498
07/20/2020,130761,4019,2373,113,55900,1808
07/21/2020,136105,5344,2490,117,55900,0
07/22/2020,141887,5782,2588,98,58585,2685
07/23/2020,148014,6127,2702,114,62802,4217
07/24/2020,153507,5493,2807,105,62802,0
07/25/2020,158321,4814,2893,86,65434,2632
07/26/2020,162513,4192,2939,46,68009,2575
07/27/2020,167403,4890,3059,120,70505,2496
07/28/2020,173342,5939,3179,120,72562,2057
07/29/2020,178983,5641,3288,109,77842,5280
07/30/2020,185360,6377,3441,153,80583,2741
07/31/2020,191289,5929,3543,102,83767,3184
08/01/2020,196530,5241,3596,53,83767,0
08/02/2020,201906,5376,3648,52,89013,5246
08/03/2020,206730,4824,3813,165,89013,0
08/04/2020,213522,6792,3979,166,94116,5103
08/05/2020,220669,7147,4106,127,94116,0
08/06/2020,228182,7513,4251,145,99839,5723
08/07/2020,235664,7482,4411,160,99839,0
08/08/2020,241798,6134,4523,112,108229,8390
08/09/2020,246486,4688,4606,83,108229,0
08/10/2020,253855,7369,4764,158,108229,0
08/11/2020,260898,7043,5004,240,108229,0
08/12/2020,268561,7663,5213,209,181376,73147
08/13/2020,276059,7498,5362,149,187270,5894
08/14/2020,282424,6365,5527,165,192421,5151
08/15/2020,289087,6663,5637,110,198992,6571
08/16/2020,294556,5469,5703,66,211689,12697
08/17/2020,299113,4557,5814,111,211689,0
08/18/2020,305953,6840,6048,234,217837,6148
08/19/2020,312646,6693,6330,282,223518,5681
08/20/2020,320871,8225,6517,187,228712,5194
08/21/2020,329030,8159,6730,213,233638,4926
08/22/2020,336789,7759,6848,118,239793,6155
08/23/2020,342141,5352,6985,137,245768,5975
08/24/2020,350854,8713,7366,381,256789,11021
