Updated,Confirmed,ConfirmedChange,Deaths,DeathsChange,DeathsPer,Recovered,RecoveredChange,RecoveredPer
03/26/2020,55,0,4,0,7.27,0,0,0.0
04/15/2020,153,0,9,0,5.88,0,0,0.0
04/16/2020,191,38,9,0,4.71,0,0,0.0
04/17/2020,202,11,10,1,4.95,0,0,0.0
04/19/2020,227,25,10,0,4.41,0,0,0.0
04/20/2020,253,26,11,1,4.35,0,0,0.0
04/21/2020,258,5,11,0,4.26,0,0,0.0
04/22/2020,263,5,11,0,4.18,0,0,0.0
04/23/2020,270,7,11,0,4.07,0,0,0.0
04/24/2020,280,10,11,0,3.93,0,0,0.0
04/26/2020,288,8,11,0,3.82,0,0,0.0
04/27/2020,297,9,12,1,4.04,0,0,0.0
04/28/2020,307,10,13,1,4.23,0,0,0.0
04/29/2020,309,2,13,0,4.21,0,0,0.0
04/30/2020,311,2,14,1,4.5,0,0,0.0
05/01/2020,318,7,14,0,4.4,0,0,0.0
05/02/2020,326,8,14,0,4.29,0,0,0.0
05/03/2020,334,8,14,0,4.19,0,0,0.0
05/04/2020,342,8,18,4,5.26,0,0,0.0
05/05/2020,347,5,19,1,5.48,0,0,0.0
05/06/2020,358,11,19,0,5.31,0,0,0.0
05/07/2020,375,17,19,0,5.07,0,0,0.0
05/08/2020,392,17,20,1,5.1,0,0,0.0
05/09/2020,414,22,20,0,4.83,0,0,0.0
05/10/2020,436,22,20,0,4.59,0,0,0.0
05/11/2020,459,23,20,0,4.36,0,0,0.0
05/12/2020,476,17,22,2,4.62,0,0,0.0
05/13/2020,486,10,22,0,4.53,0,0,0.0
05/14/2020,504,18,23,1,4.56,0,0,0.0
05/15/2020,513,9,24,1,4.68,0,0,0.0
05/16/2020,532,19,24,0,4.51,0,0,0.0
05/17/2020,551,19,24,0,4.36,0,0,0.0
05/18/2020,571,20,24,0,4.2,0,0,0.0
05/19/2020,591,20,30,6,5.08,0,0,0.0
05/20/2020,625,34,34,4,5.44,0,0,0.0
05/21/2020,660,35,35,1,5.3,0,0,0.0
05/22/2020,694,34,37,2,5.33,0,0,0.0
05/23/2020,709,15,37,0,5.22,0,0,0.0
05/24/2020,725,16,37,0,5.1,0,0,0.0
05/25/2020,741,16,37,0,4.99,0,0,0.0
05/26/2020,757,16,44,7,5.81,0,0,0.0
05/27/2020,780,23,45,1,5.77,0,0,0.0
05/28/2020,796,16,47,2,5.9,0,0,0.0
05/29/2020,824,28,48,1,5.83,0,0,0.0
05/30/2020,845,21,48,0,5.68,0,0,0.0
05/31/2020,866,21,48,0,5.54,0,0,0.0
06/01/2020,887,21,53,5,5.98,0,0,0.0
06/02/2020,890,3,56,3,6.29,0,0,0.0
06/03/2020,920,30,58,2,6.3,0,0,0.0
06/04/2020,926,6,59,1,6.37,0,0,0.0
06/05/2020,979,53,60,1,6.13,0,0,0.0
06/06/2020,1001,22,60,0,5.99,0,0,0.0
06/07/2020,1023,22,60,0,5.87,0,0,0.0
06/08/2020,1045,22,62,2,5.93,0,0,0.0
06/09/2020,1090,45,65,3,5.96,0,0,0.0
06/10/2020,1118,28,65,0,5.81,0,0,0.0
06/11/2020,1163,45,65,0,5.59,0,0,0.0
06/12/2020,1211,48,68,3,5.62,0,0,0.0
06/13/2020,1249,38,68,0,5.44,0,0,0.0
06/14/2020,1287,38,68,0,5.28,0,0,0.0
06/15/2020,1325,38,68,0,5.13,0,0,0.0
06/16/2020,1364,39,72,4,5.28,0,0,0.0
06/17/2020,1387,23,77,5,5.55,0,0,0.0
06/18/2020,1407,20,78,1,5.54,0,0,0.0
06/19/2020,1475,68,79,1,5.36,0,0,0.0
06/20/2020,1510,35,79,0,5.23,0,0,0.0
06/21/2020,1546,36,79,0,5.11,0,0,0.0
06/22/2020,1582,36,84,5,5.31,0,0,0.0
06/23/2020,1602,20,86,2,5.37,0,0,0.0
06/24/2020,1663,61,86,0,5.17,0,0,0.0
06/25/2020,1724,61,86,0,4.99,0,0,0.0
06/26/2020,1785,61,86,0,4.82,0,0,0.0
06/27/2020,1846,61,86,0,4.66,0,0,0.0
06/28/2020,1907,61,86,0,4.51,0,0,0.0
06/29/2020,1968,61,86,0,4.37,0,0,0.0
06/30/2020,2029,61,86,0,4.24,0,0,0.0
07/02/2020,2091,62,101,15,4.83,1175,0,56.19
07/03/2020,2172,81,101,0,4.65,1337,162,61.56
07/04/2020,2209,37,107,6,4.84,1389,52,62.88
07/05/2020,2262,53,108,1,4.77,1422,33,62.86
07/06/2020,2309,47,109,1,4.72,1443,21,62.49
07/07/2020,2322,13,109,0,4.69,1504,61,64.77
07/08/2020,2335,13,112,3,4.8,1574,70,67.41
07/09/2020,2357,22,112,0,4.75,1574,0,66.78
07/10/2020,2446,89,116,4,4.74,1661,87,67.91
07/11/2020,2496,50,116,0,4.65,1699,38,68.07
07/12/2020,2552,56,117,1,4.58,1699,0,66.58
07/13/2020,2577,25,119,2,4.62,1800,101,69.85
07/14/2020,2602,25,120,1,4.61,2007,207,77.13
07/15/2020,2638,36,121,1,4.59,2048,41,77.63
07/16/2020,2674,36,121,0,4.53,2058,10,76.96
07/17/2020,2766,92,122,1,4.41,2120,62,76.64
07/18/2020,2858,92,122,0,4.27,2174,54,76.07
07/19/2020,2888,30,123,1,4.26,2338,164,80.96
07/20/2020,2918,30,123,0,4.22,2338,0,80.12
07/21/2020,2996,78,123,0,4.11,2338,0,78.04
07/22/2020,3013,17,126,3,4.18,2365,27,78.49
07/23/2020,3031,18,128,2,4.22,2384,19,78.65
07/24/2020,3104,73,128,0,4.12,2384,0,76.8
07/25/2020,3155,51,136,8,4.31,2406,22,76.26
07/26/2020,3218,63,136,0,4.23,2426,20,75.39
07/27/2020,3326,108,137,1,4.12,2437,11,73.27
07/28/2020,3342,16,139,2,4.16,2501,64,74.84
07/29/2020,3358,16,139,0,4.14,2501,0,74.48
07/30/2020,3428,70,143,4,4.17,2672,171,77.95
07/31/2020,3521,93,144,1,4.09,2745,73,77.96
08/01/2020,3579,58,146,2,4.08,2785,40,77.82
08/02/2020,3638,59,147,1,4.04,2820,35,77.52
08/03/2020,3671,33,148,1,4.03,2841,21,77.39
08/04/2020,3713,42,149,1,4.01,2841,0,76.51
08/05/2020,3755,42,151,2,4.02,2906,65,77.39
08/06/2020,3825,70,154,3,4.03,2974,68,77.75
08/07/2020,3872,47,156,2,4.03,3029,55,78.23
08/08/2020,3949,77,158,2,4.0,3041,12,77.01
08/09/2020,4003,54,160,2,4.0,3061,20,76.47
08/10/2020,4069,66,162,2,3.98,3075,14,75.57
08/11/2020,4085,16,165,3,4.04,3138,63,76.82
08/12/2020,4151,66,168,3,4.05,3138,0,75.6
08/13/2020,4218,67,170,2,4.03,3288,150,77.95
08/14/2020,4279,61,173,3,4.04,3340,52,78.06
08/15/2020,4328,49,176,3,4.07,3801,461,87.82
08/16/2020,4368,40,178,2,4.08,3851,50,88.16
08/17/2020,4436,68,182,4,4.1,3891,40,87.71
08/18/2020,4504,68,185,3,4.11,3952,61,87.74
08/19/2020,4555,51,187,2,4.11,4005,53,87.93
08/20/2020,4606,51,188,1,4.08,4132,127,89.71
08/21/2020,4701,95,191,3,4.06,4132,0,87.9
08/22/2020,4756,55,191,0,4.02,4200,68,88.31
08/23/2020,4834,78,192,1,3.97,4222,22,87.34
08/24/2020,4861,27,192,0,3.95,4317,95,88.81
08/25/2020,4914,53,196,4,3.99,4438,121,90.31
08/26/2020,4967,53,198,2,3.99,4487,49,90.34
08/27/2020,5041,74,200,2,3.97,4539,52,90.04
08/28/2020,5104,63,206,6,4.04,4585,46,89.83
08/29/2020,5183,79,206,0,3.97,4638,53,89.48
08/30/2020,5281,98,211,5,4.0,4646,8,87.98
08/31/2020,5342,61,213,2,3.99,4768,122,89.25
09/01/2020,5417,75,215,2,3.97,4790,22,88.43
09/02/2020,5492,75,218,3,3.97,4803,13,87.45
09/03/2020,5576,84,220,2,3.95,4847,44,86.93
09/04/2020,5682,106,221,1,3.89,4847,0,85.3
09/05/2020,5771,89,224,3,3.88,4872,25,84.42
09/06/2020,5912,141,226,2,3.82,5043,171,85.3
09/07/2020,6014,102,227,1,3.77,5069,26,84.29
09/08/2020,6056,42,230,3,3.8,5177,108,85.49
09/09/2020,6150,94,231,1,3.76,5289,112,86.0
09/10/2020,6290,140,234,3,3.72,5384,95,85.6
09/11/2020,6418,128,237,3,3.69,5486,102,85.48
09/12/2020,6543,125,240,3,3.67,5564,78,85.04
09/13/2020,6660,117,241,1,3.62,5661,97,85.0
09/14/2020,6751,91,243,2,3.6,5691,30,84.3
09/15/2020,6792,41,247,4,3.64,5854,163,86.19
09/16/2020,6879,87,247,0,3.59,5881,27,85.49
09/17/2020,7001,122,247,0,3.53,6035,154,86.2
09/18/2020,7109,108,252,5,3.54,6113,78,85.99
09/19/2020,7213,104,254,2,3.52,6211,98,86.11
09/20/2020,7345,132,260,6,3.54,6364,153,86.64
09/21/2020,7410,65,265,5,3.58,6372,8,85.99
09/22/2020,7479,69,266,1,3.56,6505,133,86.98
09/23/2020,7573,94,268,2,3.54,6550,45,86.49
09/24/2020,7659,86,272,4,3.55,6638,88,86.67
09/25/2020,7787,128,276,4,3.54,6735,97,86.49
09/26/2020,7907,120,278,2,3.52,6831,96,86.39
09/27/2020,8067,160,281,3,3.48,6955,124,86.22
09/28/2020,8178,111,282,1,3.45,7111,156,86.95
09/29/2020,8243,65,284,2,3.45,7180,69,87.1
09/30/2020,8386,143,286,2,3.41,7340,160,87.53
10/01/2020,8543,157,291,5,3.41,7358,18,86.13
10/02/2020,8743,200,293,2,3.35,7562,204,86.49
10/03/2020,8943,200,295,2,3.3,7681,119,85.89
10/04/2020,9063,120,300,5,3.31,7557,-124,83.38
10/05/2020,9240,177,304,4,3.29,7854,297,85.0
10/06/2020,9341,101,309,5,3.31,7943,89,85.03
10/07/2020,9486,145,311,2,3.28,8157,214,85.99
10/08/2020,9693,207,316,5,3.26,8323,166,85.87
10/09/2020,9849,156,321,5,3.26,8420,97,85.49
10/10/2020,10026,177,332,11,3.31,8470,50,84.48
10/11/2020,10174,148,335,3,3.29,8622,152,84.75
10/12/2020,10373,199,337,2,3.25,8830,208,85.12
10/13/2020,10506,133,341,4,3.25,8987,157,85.54
10/14/2020,10678,172,346,5,3.24,9169,182,85.87
