Updated,Confirmed,ConfirmedChange,Deaths,DeathsChange,DeathsPer
03/03/2020,1,,0,,0.0
03/04/2020,1,0,0,0,0.0
03/05/2020,2,1,0,0,0.0
03/06/2020,8,6,0,0,0.0
03/07/2020,9,1,1,1,11.11
03/08/2020,12,3,1,0,8.33
03/09/2020,17,5,1,0,5.88
03/10/2020,19,2,1,0,5.26
03/11/2020,21,2,1,0,4.76
03/12/2020,31,10,1,0,3.23
03/13/2020,34,3,2,1,5.88
03/14/2020,45,11,2,0,4.44
03/15/2020,56,11,2,0,3.57
03/16/2020,65,9,2,0,3.08
03/17/2020,79,14,2,0,2.53
03/18/2020,97,18,2,0,2.06
03/19/2020,128,31,3,1,2.34
03/20/2020,158,30,3,0,1.9
03/21/2020,225,67,4,1,1.78
03/22/2020,266,41,4,0,1.5
03/23/2020,301,35,4,0,1.33
03/24/2020,387,86,6,2,1.55
03/25/2020,502,115,8,2,1.59
03/26/2020,589,87,12,4,2.04
03/27/2020,690,101,17,5,2.46
03/28/2020,745,55,19,2,2.55
03/29/2020,820,75,20,1,2.44
03/30/2020,966,146,24,4,2.48
03/31/2020,1054,88,27,3,2.56
04/01/2020,1133,79,31,4,2.74
04/02/2020,1265,132,36,5,2.85
04/03/2020,1353,88,42,6,3.1
04/04/2020,1451,98,43,1,2.96
04/05/2020,1554,103,46,3,2.96
04/06/2020,1628,74,53,7,3.26
04/07/2020,1715,87,60,7,3.5
04/08/2020,1795,80,65,5,3.62
04/09/2020,1894,99,79,14,4.17
04/10/2020,1975,81,82,3,4.15
04/11/2020,2137,162,89,7,4.16
04/12/2020,2203,66,94,5,4.27
04/13/2020,2272,69,98,4,4.31
04/14/2020,2432,160,105,7,4.32
04/15/2020,2560,128,112,7,4.38
04/16/2020,2658,98,122,10,4.59
04/17/2020,2747,89,129,7,4.7
04/18/2020,2828,81,132,3,4.67
04/19/2020,2930,102,134,2,4.57
04/20/2020,3020,90,142,8,4.7
04/21/2020,3133,113,151,9,4.82
04/22/2020,3276,143,159,8,4.85
04/23/2020,3423,147,165,6,4.82
04/24/2020,3595,172,176,11,4.9
04/25/2020,3767,172,185,9,4.91
04/26/2020,3879,112,192,7,4.95
04/27/2020,3990,111,197,5,4.94
04/28/2020,4114,124,207,10,5.03
04/29/2020,4272,158,214,7,5.01
04/30/2020,4415,143,218,4,4.94
05/01/2020,4519,104,225,7,4.98
05/02/2020,4668,149,237,12,5.08
05/03/2020,4770,102,246,9,5.16
05/04/2020,4874,104,260,14,5.33
05/05/2020,5007,133,264,4,5.27
05/06/2020,5195,188,273,9,5.26
05/07/2020,5358,163,282,9,5.26
05/08/2020,5598,240,293,11,5.23
05/09/2020,5763,165,300,7,5.21
05/10/2020,6021,258,305,5,5.07
05/11/2020,6265,244,314,9,5.01
05/12/2020,6550,285,319,5,4.87
05/13/2020,6866,316,329,10,4.79
05/14/2020,7121,255,353,24,4.96
05/15/2020,7466,345,356,3,4.77
05/16/2020,7792,326,363,7,4.66
05/17/2020,8055,263,373,10,4.63
05/18/2020,8358,303,382,9,4.57
05/19/2020,8796,438,393,11,4.47
05/20/2020,9270,474,403,10,4.35
05/21/2020,9918,648,416,13,4.19
05/22/2020,10636,718,433,17,4.07
05/23/2020,11340,704,445,12,3.92
05/24/2020,12063,723,452,7,3.75
05/25/2020,12615,552,467,15,3.7
05/26/2020,13215,600,490,23,3.71
05/27/2020,13920,705,500,10,3.59
05/28/2020,14689,769,508,8,3.46
05/29/2020,15406,717,520,12,3.38
05/30/2020,16201,795,528,8,3.26
05/31/2020,16838,637,539,11,3.2
06/01/2020,17402,564,556,17,3.2
06/02/2020,18306,904,569,13,3.11
06/03/2020,19255,949,583,14,3.03
06/04/2020,20184,929,608,25,3.01
06/05/2020,21024,840,632,24,3.01
